2995 2515 1443 20386
433 22660 16133 18273
35027 15790 199719 40931
25126 15430 13102 36274
78621 73259 4531 34196
638 25783 25006 90568
36255 28938 59415 57876
57572 119727 59624 178689
36925 22048 118369 1476
50577 14361 9409 250971
34163 31977 76252 8825
62469 28221 17517 125217
44994 37058 95256 38247
35388 181547 162984 249958
256351 4977 41228 179744
23956 164821 158010 48345
261555 181288 62542 4503
24671 100382 20098 149399
213528 67115 48021 60601
38268 225008 31517 134597
195672 181405 24977 85328
18201 200004 30228 68380
138538 3324 253906 18692
234570 28493 5425 177807
20754 7330 39855 18352
